<!-- Generated by pkgdown: do not edit by hand -->
<!DOCTYPE html>
<html lang="en">
  <head>
  <meta charset="utf-8">
<meta http-equiv="X-UA-Compatible" content="IE=edge">
<meta name="viewport" content="width=device-width, initial-scale=1.0">

<title>'dplyr'-like interface for data.table. — dt_mutate • tidydt</title>

<!-- favicons -->
<link rel="icon" type="image/png" sizes="16x16" href="../favicon-16x16.png">
<link rel="icon" type="image/png" sizes="32x32" href="../favicon-32x32.png">
<link rel="apple-touch-icon" type="image/png" sizes="180x180" href="../apple-touch-icon.png" />
<link rel="apple-touch-icon" type="image/png" sizes="120x120" href="../apple-touch-icon-120x120.png" />
<link rel="apple-touch-icon" type="image/png" sizes="76x76" href="../apple-touch-icon-76x76.png" />
<link rel="apple-touch-icon" type="image/png" sizes="60x60" href="../apple-touch-icon-60x60.png" />

<!-- jquery -->
<script src="https://cdnjs.cloudflare.com/ajax/libs/jquery/3.3.1/jquery.min.js" integrity="sha256-FgpCb/KJQlLNfOu91ta32o/NMZxltwRo8QtmkMRdAu8=" crossorigin="anonymous"></script>
<!-- Bootstrap -->

<link rel="stylesheet" href="https://cdnjs.cloudflare.com/ajax/libs/twitter-bootstrap/3.3.7/css/bootstrap.min.css" integrity="sha256-916EbMg70RQy9LHiGkXzG8hSg9EdNy97GazNG/aiY1w=" crossorigin="anonymous" />

<script src="https://cdnjs.cloudflare.com/ajax/libs/twitter-bootstrap/3.3.7/js/bootstrap.min.js" integrity="sha256-U5ZEeKfGNOja007MMD3YBI0A3OSZOQbeG6z2f2Y0hu8=" crossorigin="anonymous"></script>

<!-- Font Awesome icons -->
<link rel="stylesheet" href="https://cdnjs.cloudflare.com/ajax/libs/font-awesome/5.7.1/css/all.min.css" integrity="sha256-nAmazAk6vS34Xqo0BSrTb+abbtFlgsFK7NKSi6o7Y78=" crossorigin="anonymous" />
<link rel="stylesheet" href="https://cdnjs.cloudflare.com/ajax/libs/font-awesome/5.7.1/css/v4-shims.min.css" integrity="sha256-6qHlizsOWFskGlwVOKuns+D1nB6ssZrHQrNj1wGplHc=" crossorigin="anonymous" />

<!-- clipboard.js -->
<script src="https://cdnjs.cloudflare.com/ajax/libs/clipboard.js/2.0.4/clipboard.min.js" integrity="sha256-FiZwavyI2V6+EXO1U+xzLG3IKldpiTFf3153ea9zikQ=" crossorigin="anonymous"></script>

<!-- headroom.js -->
<script src="https://cdnjs.cloudflare.com/ajax/libs/headroom/0.9.4/headroom.min.js" integrity="sha256-DJFC1kqIhelURkuza0AvYal5RxMtpzLjFhsnVIeuk+U=" crossorigin="anonymous"></script>
<script src="https://cdnjs.cloudflare.com/ajax/libs/headroom/0.9.4/jQuery.headroom.min.js" integrity="sha256-ZX/yNShbjqsohH1k95liqY9Gd8uOiE1S4vZc+9KQ1K4=" crossorigin="anonymous"></script>

<!-- pkgdown -->
<link href="../pkgdown.css" rel="stylesheet">
<script src="../pkgdown.js"></script>




<meta property="og:title" content="'dplyr'-like interface for data.table. — dt_mutate" />
<meta property="og:description" content="Subset of 'dplyr' verbs to work with data.table. Note that there is no
group_by verb - use by or keyby argument when needed.
dt_mutate adds new variables or modify existing variables. If
data is data.table then it modifies in-place.
dt_summarize computes summary statistics. Splits the data into
subsets, computes summary statistics for each, and returns the result in the
&quot;data.table&quot; form.
dt_summarize_all the same as dt_summarize but work over all non-grouping variables.
dt_filter Selects rows/cases where conditions are true. Rows
where the condition evaluates to NA are dropped.
dt_select Selects column/variables from the data set.
dt_arrange sorts dataset by variable(-s). Use '-' to sort in
descending order. If data is data.table then it modifies in-place.

" />
<meta property="og:image" content="/logo.png" />
<meta name="twitter:card" content="summary" />




<!-- mathjax -->
<script src="https://cdnjs.cloudflare.com/ajax/libs/mathjax/2.7.5/MathJax.js" integrity="sha256-nvJJv9wWKEm88qvoQl9ekL2J+k/RWIsaSScxxlsrv8k=" crossorigin="anonymous"></script>
<script src="https://cdnjs.cloudflare.com/ajax/libs/mathjax/2.7.5/config/TeX-AMS-MML_HTMLorMML.js" integrity="sha256-84DKXVJXs0/F8OTMzX4UR909+jtl4G7SPypPavF+GfA=" crossorigin="anonymous"></script>

<!--[if lt IE 9]>
<script src="https://oss.maxcdn.com/html5shiv/3.7.3/html5shiv.min.js"></script>
<script src="https://oss.maxcdn.com/respond/1.4.2/respond.min.js"></script>
<![endif]-->



  </head>

  <body>
    <div class="container template-reference-topic">
      <header>
      <div class="navbar navbar-default navbar-fixed-top" role="navigation">
  <div class="container">
    <div class="navbar-header">
      <button type="button" class="navbar-toggle collapsed" data-toggle="collapse" data-target="#navbar" aria-expanded="false">
        <span class="sr-only">Toggle navigation</span>
        <span class="icon-bar"></span>
        <span class="icon-bar"></span>
        <span class="icon-bar"></span>
      </button>
      <span class="navbar-brand">
        <a class="navbar-link" href="../index.html">tidydt</a>
        <span class="version label label-default" data-toggle="tooltip" data-placement="bottom" title="Released version">0.2.0</span>
      </span>
    </div>

    <div id="navbar" class="navbar-collapse collapse">
      <ul class="nav navbar-nav">
        <li>
  <a href="../index.html">
    <span class="fas fa fas fa-home fa-lg"></span>
     
  </a>
</li>
<li>
  <a href="../reference/index.html">Reference</a>
</li>
<li class="dropdown">
  <a href="#" class="dropdown-toggle" data-toggle="dropdown" role="button" aria-expanded="false">
    Articles
     
    <span class="caret"></span>
  </a>
  <ul class="dropdown-menu" role="menu">
    <li>
      <a href="../articles/Introduction.html">Using data.table the tidy way</a>
    </li>
  </ul>
</li>
      </ul>
      <ul class="nav navbar-nav navbar-right">
        <li>
  <a href="https://github.com/hope-data-science/tidydt">
    <span class="fab fa fab fa-github fa-lg"></span>
     
  </a>
</li>
      </ul>
      
    </div><!--/.nav-collapse -->
  </div><!--/.container -->
</div><!--/.navbar -->

      

      </header>

<div class="row">
  <div class="col-md-9 contents">
    <div class="page-header">
    <h1>'dplyr'-like interface for data.table.</h1>
    <small class="dont-index">Source: <a href='https://github.com/hope-data-science/tidydt/blob/master/R/verbs.R'><code>R/verbs.R</code></a></small>
    <div class="hidden name"><code>dt_mutate.Rd</code></div>
    </div>

    <div class="ref-description">
    <p>Subset of 'dplyr' verbs to work with data.table. Note that there is no
<code>group_by</code> verb - use <code>by</code> or <code>keyby</code> argument when needed.</p><ul>
<li><p><code>dt_mutate</code> adds new variables or modify existing variables. If
<code>data</code> is data.table then it modifies in-place.</p></li>
<li><p><code>dt_summarize</code> computes summary statistics. Splits the data into
subsets, computes summary statistics for each, and returns the result in the
"data.table" form.</p></li>
<li><p><code>dt_summarize_all</code> the same as <code>dt_summarize</code> but work over all non-grouping variables.</p></li>
<li><p><code>dt_filter</code> Selects rows/cases where conditions are true. Rows
where the condition evaluates to NA are dropped.</p></li>
<li><p><code>dt_select</code> Selects column/variables from the data set.</p></li>
<li><p><code>dt_arrange</code> sorts dataset by variable(-s). Use '-' to sort in
descending order. If <code>data</code> is data.table then it modifies in-place.</p></li>
</ul>

    </div>

    <pre class="usage"><span class='fu'>dt_mutate</span>(<span class='no'>data</span>, <span class='no'>...</span>, <span class='no'>by</span>)

<span class='fu'>dt_summarize</span>(<span class='no'>data</span>, <span class='no'>...</span>, <span class='no'>by</span>, <span class='no'>keyby</span>, <span class='kw'>fun</span> <span class='kw'>=</span> <span class='kw'>NULL</span>)

<span class='fu'>dt_summarize_all</span>(<span class='no'>data</span>, <span class='no'>fun</span>, <span class='no'>by</span>, <span class='no'>keyby</span>)

<span class='fu'>dt_summarise</span>(<span class='no'>data</span>, <span class='no'>...</span>, <span class='no'>by</span>, <span class='no'>keyby</span>, <span class='kw'>fun</span> <span class='kw'>=</span> <span class='kw'>NULL</span>)

<span class='fu'>dt_summarise_all</span>(<span class='no'>data</span>, <span class='no'>fun</span>, <span class='no'>by</span>, <span class='no'>keyby</span>)

<span class='fu'>dt_select</span>(<span class='no'>data</span>, <span class='no'>...</span>)

<span class='fu'>dt_filter</span>(<span class='no'>data</span>, <span class='no'>...</span>)

<span class='fu'>dt_arrange</span>(<span class='no'>data</span>, <span class='no'>...</span>, <span class='kw'>na.last</span> <span class='kw'>=</span> <span class='fl'>FALSE</span>)</pre>

    <h2 class="hasAnchor" id="arguments"><a class="anchor" href="#arguments"></a>Arguments</h2>
    <table class="ref-arguments">
    <colgroup><col class="name" /><col class="desc" /></colgroup>
    <tr>
      <th>data</th>
      <td><p>data.table/data.frame data.frame will be automatically converted
to data.table. <code>dt_mutate</code>, <code>dt_mutate_if</code>, <code>dt_mutate_if</code>
modify data.table object in-place.</p></td>
    </tr>
    <tr>
      <th>...</th>
      <td><p>List of variables or name-value pairs of summary/modifications
functions. The name will be the name of the variable in the result. In the
<code>mutate</code> function we can use <code>a = b</code> or <code><a href='https://Rdatatable.gitlab.io/data.table/reference/assign.html'>a := b</a></code> notation.
Advantages of <code>:=</code> are multiassignment (<code><a href='https://Rdatatable.gitlab.io/data.table/reference/assign.html'>c("a", "b") := list(1,2)</a></code>)
and parametric assignment (<code><a href='https://Rdatatable.gitlab.io/data.table/reference/assign.html'>(a) := 2</a></code>).</p></td>
    </tr>
    <tr>
      <th>by</th>
      <td><p>unquoted name of grouping variable of list of unquoted names of
grouping variables. For details see <a href='https://Rdatatable.gitlab.io/data.table/reference/data.table.html'>data.table</a></p></td>
    </tr>
    <tr>
      <th>keyby</th>
      <td><p>Same as <code>by</code>, but with an additional <code><a href='https://Rdatatable.gitlab.io/data.table/reference/setkey.html'>setkey()</a></code> run on the by
columns of the result, for convenience. It is common practice to use
'keyby=' routinely when you wish the result to be sorted. For details see
<a href='https://Rdatatable.gitlab.io/data.table/reference/data.table.html'>data.table</a>.</p></td>
    </tr>
    <tr>
      <th>fun</th>
      <td><p>function which will be applied to all variables in
<code>dt_summarize</code> and <code>dt_summarize_all</code>.</p></td>
    </tr>
    <tr>
      <th>na.last</th>
      <td><p>logical. FALSE by default. If TRUE, missing values in the data
are put last; if FALSE, they are put first.</p></td>
    </tr>
    </table>


    <h2 class="hasAnchor" id="examples"><a class="anchor" href="#examples"></a>Examples</h2>
    <pre class="examples"><div class='input'><span class='co'># examples from 'dplyr'</span>
<span class='co'># newly created variables are available immediately</span>
<span class='no'>mtcars</span>  <span class='kw'>%&gt;%</span>
    <span class='fu'>dt_mutate</span>(
        <span class='kw'>cyl2</span> <span class='kw'>=</span> <span class='no'>cyl</span> * <span class='fl'>2</span>,
        <span class='kw'>cyl4</span> <span class='kw'>=</span> <span class='no'>cyl2</span> * <span class='fl'>2</span>
    ) <span class='kw'>%&gt;%</span>
    <span class='fu'><a href='https://rdrr.io/r/utils/head.html'>head</a></span>()</div><div class='output co'>#&gt;     mpg cyl disp  hp drat    wt  qsec vs am gear carb cyl2 cyl4
#&gt; 1: 21.0   6  160 110 3.90 2.620 16.46  0  1    4    4   12   24
#&gt; 2: 21.0   6  160 110 3.90 2.875 17.02  0  1    4    4   12   24
#&gt; 3: 22.8   4  108  93 3.85 2.320 18.61  1  1    4    1    8   16
#&gt; 4: 21.4   6  258 110 3.08 3.215 19.44  1  0    3    1   12   24
#&gt; 5: 18.7   8  360 175 3.15 3.440 17.02  0  0    3    2   16   32
#&gt; 6: 18.1   6  225 105 2.76 3.460 20.22  1  0    3    1   12   24</div><div class='input'>

<span class='co'># you can also use dt_mutate() to remove variables and</span>
<span class='co'># modify existing variables</span>
<span class='no'>mtcars</span> <span class='kw'>%&gt;%</span>
    <span class='fu'>dt_mutate</span>(
        <span class='kw'>mpg</span> <span class='kw'>=</span> <span class='kw'>NULL</span>,
        <span class='kw'>disp</span> <span class='kw'>=</span> <span class='no'>disp</span> * <span class='fl'>0.0163871</span> <span class='co'># convert to litres</span>
    ) <span class='kw'>%&gt;%</span>
    <span class='fu'><a href='https://rdrr.io/r/utils/head.html'>head</a></span>()</div><div class='output co'>#&gt;    cyl     disp  hp drat    wt  qsec vs am gear carb
#&gt; 1:   6 2.621936 110 3.90 2.620 16.46  0  1    4    4
#&gt; 2:   6 2.621936 110 3.90 2.875 17.02  0  1    4    4
#&gt; 3:   4 1.769807  93 3.85 2.320 18.61  1  1    4    1
#&gt; 4:   6 4.227872 110 3.08 3.215 19.44  1  0    3    1
#&gt; 5:   8 5.899356 175 3.15 3.440 17.02  0  0    3    2
#&gt; 6:   6 3.687098 105 2.76 3.460 20.22  1  0    3    1</div><div class='input'>

<span class='co'># window functions are useful for grouped mutates</span>
<span class='no'>mtcars</span> <span class='kw'>%&gt;%</span>
    <span class='fu'>dt_mutate</span>(
        <span class='kw'>rank</span> <span class='kw'>=</span> <span class='fu'><a href='https://rdrr.io/r/base/rank.html'>rank</a></span>(-<span class='no'>mpg</span>, <span class='kw'>ties.method</span> <span class='kw'>=</span> <span class='st'>"min"</span>),
        <span class='kw'>keyby</span> <span class='kw'>=</span> <span class='no'>cyl</span>) <span class='kw'>%&gt;%</span>
    <span class='fu'><a href='https://rdrr.io/r/base/print.html'>print</a></span>()</div><div class='output co'>#&gt;      mpg cyl  disp  hp drat    wt  qsec vs am gear carb rank
#&gt;  1: 22.8   4 108.0  93 3.85 2.320 18.61  1  1    4    1    8
#&gt;  2: 24.4   4 146.7  62 3.69 3.190 20.00  1  0    4    2    7
#&gt;  3: 22.8   4 140.8  95 3.92 3.150 22.90  1  0    4    2    8
#&gt;  4: 32.4   4  78.7  66 4.08 2.200 19.47  1  1    4    1    2
#&gt;  5: 30.4   4  75.7  52 4.93 1.615 18.52  1  1    4    2    3
#&gt;  6: 33.9   4  71.1  65 4.22 1.835 19.90  1  1    4    1    1
#&gt;  7: 21.5   4 120.1  97 3.70 2.465 20.01  1  0    3    1   10
#&gt;  8: 27.3   4  79.0  66 4.08 1.935 18.90  1  1    4    1    5
#&gt;  9: 26.0   4 120.3  91 4.43 2.140 16.70  0  1    5    2    6
#&gt; 10: 30.4   4  95.1 113 3.77 1.513 16.90  1  1    5    2    3
#&gt; 11: 21.4   4 121.0 109 4.11 2.780 18.60  1  1    4    2   11
#&gt; 12: 21.0   6 160.0 110 3.90 2.620 16.46  0  1    4    4    2
#&gt; 13: 21.0   6 160.0 110 3.90 2.875 17.02  0  1    4    4    2
#&gt; 14: 21.4   6 258.0 110 3.08 3.215 19.44  1  0    3    1    1
#&gt; 15: 18.1   6 225.0 105 2.76 3.460 20.22  1  0    3    1    6
#&gt; 16: 19.2   6 167.6 123 3.92 3.440 18.30  1  0    4    4    5
#&gt; 17: 17.8   6 167.6 123 3.92 3.440 18.90  1  0    4    4    7
#&gt; 18: 19.7   6 145.0 175 3.62 2.770 15.50  0  1    5    6    4
#&gt; 19: 18.7   8 360.0 175 3.15 3.440 17.02  0  0    3    2    2
#&gt; 20: 14.3   8 360.0 245 3.21 3.570 15.84  0  0    3    4   11
#&gt; 21: 16.4   8 275.8 180 3.07 4.070 17.40  0  0    3    3    4
#&gt; 22: 17.3   8 275.8 180 3.07 3.730 17.60  0  0    3    3    3
#&gt; 23: 15.2   8 275.8 180 3.07 3.780 18.00  0  0    3    3    7
#&gt; 24: 10.4   8 472.0 205 2.93 5.250 17.98  0  0    3    4   13
#&gt; 25: 10.4   8 460.0 215 3.00 5.424 17.82  0  0    3    4   13
#&gt; 26: 14.7   8 440.0 230 3.23 5.345 17.42  0  0    3    4   10
#&gt; 27: 15.5   8 318.0 150 2.76 3.520 16.87  0  0    3    2    6
#&gt; 28: 15.2   8 304.0 150 3.15 3.435 17.30  0  0    3    2    7
#&gt; 29: 13.3   8 350.0 245 3.73 3.840 15.41  0  0    3    4   12
#&gt; 30: 19.2   8 400.0 175 3.08 3.845 17.05  0  0    3    2    1
#&gt; 31: 15.8   8 351.0 264 4.22 3.170 14.50  0  1    5    4    5
#&gt; 32: 15.0   8 301.0 335 3.54 3.570 14.60  0  1    5    8    9
#&gt;      mpg cyl  disp  hp drat    wt  qsec vs am gear carb rank</div><div class='input'>

<span class='co'># You can drop variables by setting them to NULL</span>
<span class='no'>mtcars</span> <span class='kw'>%&gt;%</span> <span class='fu'>dt_mutate</span>(<span class='kw'>cyl</span> <span class='kw'>=</span> <span class='kw'>NULL</span>) <span class='kw'>%&gt;%</span> <span class='fu'><a href='https://rdrr.io/r/utils/head.html'>head</a></span>()</div><div class='output co'>#&gt;     mpg disp  hp drat    wt  qsec vs am gear carb
#&gt; 1: 21.0  160 110 3.90 2.620 16.46  0  1    4    4
#&gt; 2: 21.0  160 110 3.90 2.875 17.02  0  1    4    4
#&gt; 3: 22.8  108  93 3.85 2.320 18.61  1  1    4    1
#&gt; 4: 21.4  258 110 3.08 3.215 19.44  1  0    3    1
#&gt; 5: 18.7  360 175 3.15 3.440 17.02  0  0    3    2
#&gt; 6: 18.1  225 105 2.76 3.460 20.22  1  0    3    1</div><div class='input'>
<span class='co'># A summary applied without by returns a single row</span>
<span class='no'>mtcars</span> <span class='kw'>%&gt;%</span>
    <span class='fu'>dt_summarise</span>(<span class='kw'>mean</span> <span class='kw'>=</span> <span class='fu'><a href='https://rdrr.io/r/base/mean.html'>mean</a></span>(<span class='no'>disp</span>), <span class='kw'>n</span> <span class='kw'>=</span> <span class='no'>.N</span>)</div><div class='output co'>#&gt;        mean  n
#&gt; 1: 230.7219 32</div><div class='input'>
<span class='co'># Usually, you'll want to group first</span>
<span class='no'>mtcars</span> <span class='kw'>%&gt;%</span>
    <span class='fu'>dt_summarise</span>(<span class='kw'>mean</span> <span class='kw'>=</span> <span class='fu'><a href='https://rdrr.io/r/base/mean.html'>mean</a></span>(<span class='no'>disp</span>), <span class='kw'>n</span> <span class='kw'>=</span> <span class='no'>.N</span>, <span class='kw'>by</span> <span class='kw'>=</span> <span class='no'>cyl</span>)</div><div class='output co'>#&gt;    cyl     mean  n
#&gt; 1:   6 183.3143  7
#&gt; 2:   4 105.1364 11
#&gt; 3:   8 353.1000 14</div><div class='input'>

<span class='co'># Multiple 'by' - variables</span>
<span class='no'>mtcars</span> <span class='kw'>%&gt;%</span>
    <span class='fu'>dt_summarise</span>(<span class='kw'>cyl_n</span> <span class='kw'>=</span> <span class='no'>.N</span>, <span class='kw'>by</span> <span class='kw'>=</span> <span class='fu'><a href='https://rdrr.io/r/base/list.html'>list</a></span>(<span class='no'>cyl</span>, <span class='no'>vs</span>))</div><div class='output co'>#&gt;    cyl vs cyl_n
#&gt; 1:   6  0     3
#&gt; 2:   4  1    10
#&gt; 3:   6  1     4
#&gt; 4:   8  0    14
#&gt; 5:   4  0     1</div><div class='input'>
<span class='co'># Newly created summaries immediately</span>
<span class='co'># doesn't overwrite existing variables</span>
<span class='no'>mtcars</span> <span class='kw'>%&gt;%</span>
    <span class='fu'>dt_summarise</span>(<span class='kw'>disp</span> <span class='kw'>=</span> <span class='fu'><a href='https://rdrr.io/r/base/mean.html'>mean</a></span>(<span class='no'>disp</span>),
                  <span class='kw'>sd</span> <span class='kw'>=</span> <span class='fu'><a href='https://rdrr.io/r/stats/sd.html'>sd</a></span>(<span class='no'>disp</span>),
                  <span class='kw'>by</span> <span class='kw'>=</span> <span class='no'>cyl</span>)</div><div class='output co'>#&gt;    cyl     disp       sd
#&gt; 1:   6 183.3143 41.56246
#&gt; 2:   4 105.1364 26.87159
#&gt; 3:   8 353.1000 67.77132</div><div class='input'>
<span class='co'># You can group by expressions:</span>
<span class='no'>mtcars</span> <span class='kw'>%&gt;%</span>
    <span class='fu'>dt_summarise_all</span>(<span class='no'>mean</span>, <span class='kw'>by</span> <span class='kw'>=</span> <span class='fu'><a href='https://rdrr.io/r/base/list.html'>list</a></span>(<span class='kw'>vsam</span> <span class='kw'>=</span> <span class='no'>vs</span> + <span class='no'>am</span>))</div><div class='output co'>#&gt;    vsam      mpg      cyl     disp        hp     drat       wt     qsec
#&gt; 1:    1 20.28462 5.692308 189.4692 138.46154 3.738462 3.038846 18.04231
#&gt; 2:    2 28.37143 4.000000  89.8000  80.57143 4.148571 2.028286 18.70000
#&gt; 3:    0 15.05000 8.000000 357.6167 194.16667 3.120833 4.104083 17.14250
#&gt;        gear     carb
#&gt; 1: 4.076923 3.307692
#&gt; 2: 4.142857 1.428571
#&gt; 3: 3.000000 3.083333</div><div class='input'>
<span class='co'># filter by condition</span>
<span class='no'>mtcars</span> <span class='kw'>%&gt;%</span>
    <span class='fu'>dt_filter</span>(<span class='no'>am</span><span class='kw'>==</span><span class='fl'>0</span>)</div><div class='output co'>#&gt;      mpg cyl  disp  hp drat    wt  qsec vs am gear carb
#&gt;  1: 21.4   6 258.0 110 3.08 3.215 19.44  1  0    3    1
#&gt;  2: 18.7   8 360.0 175 3.15 3.440 17.02  0  0    3    2
#&gt;  3: 18.1   6 225.0 105 2.76 3.460 20.22  1  0    3    1
#&gt;  4: 14.3   8 360.0 245 3.21 3.570 15.84  0  0    3    4
#&gt;  5: 24.4   4 146.7  62 3.69 3.190 20.00  1  0    4    2
#&gt;  6: 22.8   4 140.8  95 3.92 3.150 22.90  1  0    4    2
#&gt;  7: 19.2   6 167.6 123 3.92 3.440 18.30  1  0    4    4
#&gt;  8: 17.8   6 167.6 123 3.92 3.440 18.90  1  0    4    4
#&gt;  9: 16.4   8 275.8 180 3.07 4.070 17.40  0  0    3    3
#&gt; 10: 17.3   8 275.8 180 3.07 3.730 17.60  0  0    3    3
#&gt; 11: 15.2   8 275.8 180 3.07 3.780 18.00  0  0    3    3
#&gt; 12: 10.4   8 472.0 205 2.93 5.250 17.98  0  0    3    4
#&gt; 13: 10.4   8 460.0 215 3.00 5.424 17.82  0  0    3    4
#&gt; 14: 14.7   8 440.0 230 3.23 5.345 17.42  0  0    3    4
#&gt; 15: 21.5   4 120.1  97 3.70 2.465 20.01  1  0    3    1
#&gt; 16: 15.5   8 318.0 150 2.76 3.520 16.87  0  0    3    2
#&gt; 17: 15.2   8 304.0 150 3.15 3.435 17.30  0  0    3    2
#&gt; 18: 13.3   8 350.0 245 3.73 3.840 15.41  0  0    3    4
#&gt; 19: 19.2   8 400.0 175 3.08 3.845 17.05  0  0    3    2</div><div class='input'>
<span class='co'># filter by compound condition</span>
<span class='no'>mtcars</span> <span class='kw'>%&gt;%</span>
    <span class='fu'>dt_filter</span>(<span class='no'>am</span><span class='kw'>==</span><span class='fl'>0</span>,  <span class='no'>mpg</span><span class='kw'>&gt;</span><span class='fu'><a href='https://rdrr.io/r/base/mean.html'>mean</a></span>(<span class='no'>mpg</span>))</div><div class='output co'>#&gt;     mpg cyl  disp  hp drat    wt  qsec vs am gear carb
#&gt; 1: 21.4   6 258.0 110 3.08 3.215 19.44  1  0    3    1
#&gt; 2: 24.4   4 146.7  62 3.69 3.190 20.00  1  0    4    2
#&gt; 3: 22.8   4 140.8  95 3.92 3.150 22.90  1  0    4    2
#&gt; 4: 21.5   4 120.1  97 3.70 2.465 20.01  1  0    3    1</div><div class='input'>

<span class='co'># select</span>
<span class='no'>mtcars</span> <span class='kw'>%&gt;%</span> <span class='fu'>dt_select</span>(<span class='no'>vs</span>:<span class='no'>carb</span>, <span class='no'>cyl</span>)</div><div class='output co'>#&gt;     vs am gear carb cyl
#&gt;  1:  0  1    4    4   6
#&gt;  2:  0  1    4    4   6
#&gt;  3:  1  1    4    1   4
#&gt;  4:  1  0    3    1   6
#&gt;  5:  0  0    3    2   8
#&gt;  6:  1  0    3    1   6
#&gt;  7:  0  0    3    4   8
#&gt;  8:  1  0    4    2   4
#&gt;  9:  1  0    4    2   4
#&gt; 10:  1  0    4    4   6
#&gt; 11:  1  0    4    4   6
#&gt; 12:  0  0    3    3   8
#&gt; 13:  0  0    3    3   8
#&gt; 14:  0  0    3    3   8
#&gt; 15:  0  0    3    4   8
#&gt; 16:  0  0    3    4   8
#&gt; 17:  0  0    3    4   8
#&gt; 18:  1  1    4    1   4
#&gt; 19:  1  1    4    2   4
#&gt; 20:  1  1    4    1   4
#&gt; 21:  1  0    3    1   4
#&gt; 22:  0  0    3    2   8
#&gt; 23:  0  0    3    2   8
#&gt; 24:  0  0    3    4   8
#&gt; 25:  0  0    3    2   8
#&gt; 26:  1  1    4    1   4
#&gt; 27:  0  1    5    2   4
#&gt; 28:  1  1    5    2   4
#&gt; 29:  0  1    5    4   8
#&gt; 30:  0  1    5    6   6
#&gt; 31:  0  1    5    8   8
#&gt; 32:  1  1    4    2   4
#&gt;     vs am gear carb cyl</div><div class='input'><span class='no'>mtcars</span> <span class='kw'>%&gt;%</span> <span class='fu'>dt_select</span>(-<span class='no'>am</span>, -<span class='no'>cyl</span>)</div><div class='output co'>#&gt;      mpg  disp  hp drat    wt  qsec vs gear carb
#&gt;  1: 21.0 160.0 110 3.90 2.620 16.46  0    4    4
#&gt;  2: 21.0 160.0 110 3.90 2.875 17.02  0    4    4
#&gt;  3: 22.8 108.0  93 3.85 2.320 18.61  1    4    1
#&gt;  4: 21.4 258.0 110 3.08 3.215 19.44  1    3    1
#&gt;  5: 18.7 360.0 175 3.15 3.440 17.02  0    3    2
#&gt;  6: 18.1 225.0 105 2.76 3.460 20.22  1    3    1
#&gt;  7: 14.3 360.0 245 3.21 3.570 15.84  0    3    4
#&gt;  8: 24.4 146.7  62 3.69 3.190 20.00  1    4    2
#&gt;  9: 22.8 140.8  95 3.92 3.150 22.90  1    4    2
#&gt; 10: 19.2 167.6 123 3.92 3.440 18.30  1    4    4
#&gt; 11: 17.8 167.6 123 3.92 3.440 18.90  1    4    4
#&gt; 12: 16.4 275.8 180 3.07 4.070 17.40  0    3    3
#&gt; 13: 17.3 275.8 180 3.07 3.730 17.60  0    3    3
#&gt; 14: 15.2 275.8 180 3.07 3.780 18.00  0    3    3
#&gt; 15: 10.4 472.0 205 2.93 5.250 17.98  0    3    4
#&gt; 16: 10.4 460.0 215 3.00 5.424 17.82  0    3    4
#&gt; 17: 14.7 440.0 230 3.23 5.345 17.42  0    3    4
#&gt; 18: 32.4  78.7  66 4.08 2.200 19.47  1    4    1
#&gt; 19: 30.4  75.7  52 4.93 1.615 18.52  1    4    2
#&gt; 20: 33.9  71.1  65 4.22 1.835 19.90  1    4    1
#&gt; 21: 21.5 120.1  97 3.70 2.465 20.01  1    3    1
#&gt; 22: 15.5 318.0 150 2.76 3.520 16.87  0    3    2
#&gt; 23: 15.2 304.0 150 3.15 3.435 17.30  0    3    2
#&gt; 24: 13.3 350.0 245 3.73 3.840 15.41  0    3    4
#&gt; 25: 19.2 400.0 175 3.08 3.845 17.05  0    3    2
#&gt; 26: 27.3  79.0  66 4.08 1.935 18.90  1    4    1
#&gt; 27: 26.0 120.3  91 4.43 2.140 16.70  0    5    2
#&gt; 28: 30.4  95.1 113 3.77 1.513 16.90  1    5    2
#&gt; 29: 15.8 351.0 264 4.22 3.170 14.50  0    5    4
#&gt; 30: 19.7 145.0 175 3.62 2.770 15.50  0    5    6
#&gt; 31: 15.0 301.0 335 3.54 3.570 14.60  0    5    8
#&gt; 32: 21.4 121.0 109 4.11 2.780 18.60  1    4    2
#&gt;      mpg  disp  hp drat    wt  qsec vs gear carb</div><div class='input'>
<span class='co'># sorting</span>
<span class='fu'>dt_arrange</span>(<span class='no'>mtcars</span>, <span class='no'>cyl</span>, <span class='no'>disp</span>)</div><div class='output co'>#&gt;      mpg cyl  disp  hp drat    wt  qsec vs am gear carb
#&gt;  1: 33.9   4  71.1  65 4.22 1.835 19.90  1  1    4    1
#&gt;  2: 30.4   4  75.7  52 4.93 1.615 18.52  1  1    4    2
#&gt;  3: 32.4   4  78.7  66 4.08 2.200 19.47  1  1    4    1
#&gt;  4: 27.3   4  79.0  66 4.08 1.935 18.90  1  1    4    1
#&gt;  5: 30.4   4  95.1 113 3.77 1.513 16.90  1  1    5    2
#&gt;  6: 22.8   4 108.0  93 3.85 2.320 18.61  1  1    4    1
#&gt;  7: 21.5   4 120.1  97 3.70 2.465 20.01  1  0    3    1
#&gt;  8: 26.0   4 120.3  91 4.43 2.140 16.70  0  1    5    2
#&gt;  9: 21.4   4 121.0 109 4.11 2.780 18.60  1  1    4    2
#&gt; 10: 22.8   4 140.8  95 3.92 3.150 22.90  1  0    4    2
#&gt; 11: 24.4   4 146.7  62 3.69 3.190 20.00  1  0    4    2
#&gt; 12: 19.7   6 145.0 175 3.62 2.770 15.50  0  1    5    6
#&gt; 13: 21.0   6 160.0 110 3.90 2.620 16.46  0  1    4    4
#&gt; 14: 21.0   6 160.0 110 3.90 2.875 17.02  0  1    4    4
#&gt; 15: 19.2   6 167.6 123 3.92 3.440 18.30  1  0    4    4
#&gt; 16: 17.8   6 167.6 123 3.92 3.440 18.90  1  0    4    4
#&gt; 17: 18.1   6 225.0 105 2.76 3.460 20.22  1  0    3    1
#&gt; 18: 21.4   6 258.0 110 3.08 3.215 19.44  1  0    3    1
#&gt; 19: 16.4   8 275.8 180 3.07 4.070 17.40  0  0    3    3
#&gt; 20: 17.3   8 275.8 180 3.07 3.730 17.60  0  0    3    3
#&gt; 21: 15.2   8 275.8 180 3.07 3.780 18.00  0  0    3    3
#&gt; 22: 15.0   8 301.0 335 3.54 3.570 14.60  0  1    5    8
#&gt; 23: 15.2   8 304.0 150 3.15 3.435 17.30  0  0    3    2
#&gt; 24: 15.5   8 318.0 150 2.76 3.520 16.87  0  0    3    2
#&gt; 25: 13.3   8 350.0 245 3.73 3.840 15.41  0  0    3    4
#&gt; 26: 15.8   8 351.0 264 4.22 3.170 14.50  0  1    5    4
#&gt; 27: 18.7   8 360.0 175 3.15 3.440 17.02  0  0    3    2
#&gt; 28: 14.3   8 360.0 245 3.21 3.570 15.84  0  0    3    4
#&gt; 29: 19.2   8 400.0 175 3.08 3.845 17.05  0  0    3    2
#&gt; 30: 14.7   8 440.0 230 3.23 5.345 17.42  0  0    3    4
#&gt; 31: 10.4   8 460.0 215 3.00 5.424 17.82  0  0    3    4
#&gt; 32: 10.4   8 472.0 205 2.93 5.250 17.98  0  0    3    4
#&gt;      mpg cyl  disp  hp drat    wt  qsec vs am gear carb</div><div class='input'><span class='fu'>dt_arrange</span>(<span class='no'>mtcars</span>, -<span class='no'>disp</span>)</div><div class='output co'>#&gt;      mpg cyl  disp  hp drat    wt  qsec vs am gear carb
#&gt;  1: 10.4   8 472.0 205 2.93 5.250 17.98  0  0    3    4
#&gt;  2: 10.4   8 460.0 215 3.00 5.424 17.82  0  0    3    4
#&gt;  3: 14.7   8 440.0 230 3.23 5.345 17.42  0  0    3    4
#&gt;  4: 19.2   8 400.0 175 3.08 3.845 17.05  0  0    3    2
#&gt;  5: 18.7   8 360.0 175 3.15 3.440 17.02  0  0    3    2
#&gt;  6: 14.3   8 360.0 245 3.21 3.570 15.84  0  0    3    4
#&gt;  7: 15.8   8 351.0 264 4.22 3.170 14.50  0  1    5    4
#&gt;  8: 13.3   8 350.0 245 3.73 3.840 15.41  0  0    3    4
#&gt;  9: 15.5   8 318.0 150 2.76 3.520 16.87  0  0    3    2
#&gt; 10: 15.2   8 304.0 150 3.15 3.435 17.30  0  0    3    2
#&gt; 11: 15.0   8 301.0 335 3.54 3.570 14.60  0  1    5    8
#&gt; 12: 16.4   8 275.8 180 3.07 4.070 17.40  0  0    3    3
#&gt; 13: 17.3   8 275.8 180 3.07 3.730 17.60  0  0    3    3
#&gt; 14: 15.2   8 275.8 180 3.07 3.780 18.00  0  0    3    3
#&gt; 15: 21.4   6 258.0 110 3.08 3.215 19.44  1  0    3    1
#&gt; 16: 18.1   6 225.0 105 2.76 3.460 20.22  1  0    3    1
#&gt; 17: 19.2   6 167.6 123 3.92 3.440 18.30  1  0    4    4
#&gt; 18: 17.8   6 167.6 123 3.92 3.440 18.90  1  0    4    4
#&gt; 19: 21.0   6 160.0 110 3.90 2.620 16.46  0  1    4    4
#&gt; 20: 21.0   6 160.0 110 3.90 2.875 17.02  0  1    4    4
#&gt; 21: 24.4   4 146.7  62 3.69 3.190 20.00  1  0    4    2
#&gt; 22: 19.7   6 145.0 175 3.62 2.770 15.50  0  1    5    6
#&gt; 23: 22.8   4 140.8  95 3.92 3.150 22.90  1  0    4    2
#&gt; 24: 21.4   4 121.0 109 4.11 2.780 18.60  1  1    4    2
#&gt; 25: 26.0   4 120.3  91 4.43 2.140 16.70  0  1    5    2
#&gt; 26: 21.5   4 120.1  97 3.70 2.465 20.01  1  0    3    1
#&gt; 27: 22.8   4 108.0  93 3.85 2.320 18.61  1  1    4    1
#&gt; 28: 30.4   4  95.1 113 3.77 1.513 16.90  1  1    5    2
#&gt; 29: 27.3   4  79.0  66 4.08 1.935 18.90  1  1    4    1
#&gt; 30: 32.4   4  78.7  66 4.08 2.200 19.47  1  1    4    1
#&gt; 31: 30.4   4  75.7  52 4.93 1.615 18.52  1  1    4    2
#&gt; 32: 33.9   4  71.1  65 4.22 1.835 19.90  1  1    4    1
#&gt;      mpg cyl  disp  hp drat    wt  qsec vs am gear carb</div></pre>
  </div>
  <div class="col-md-3 hidden-xs hidden-sm" id="sidebar">
    <h2>Contents</h2>
    <ul class="nav nav-pills nav-stacked">
      <li><a href="#arguments">Arguments</a></li>
      <li><a href="#examples">Examples</a></li>
    </ul>

  </div>
</div>


      <footer>
      <div class="copyright">
  <p>Developed by Tian-Yuan Huang.</p>
</div>

<div class="pkgdown">
  <p>Site built with <a href="https://pkgdown.r-lib.org/">pkgdown</a> 1.4.1.</p>
</div>

      </footer>
   </div>

  


  </body>
</html>


